100
3844
4594
3420
768
4367
1468
5378
3466
8438
5535
979
8235
7765
7581
234
3335
3238
1973
6539
10008
5817
4232
6563
7408
1026
8637
6807
4206
7444
9593
7107
1746
5641
3887
10072
5632
3883
1331
2598
2595
5261
7511
4445
3829
3999
3420
7695
6423
9506
7736
2096
9499
9212
6049
1349
1612
7303
1328
1635
2439
4223
9329
3745
2918
8596
2366
7604
1552
2091
9729
6312
5917
9800
1551
7376
330
8605
7131
7926
5429
6726
2761
1254
7674
7537
3718
3423
1100
8988
8856
5829
154
4925
1056
7495
2151
2617
4369
9037
8321
