984319
1176319
875775
196863
1118207
376063
1377023
887551
2160383
1417215
250879
2108415
1988095
1940991
60159
854015
829183
505343
1674239
2562303
1489407
1083647
1680383
1896703
262911
2211327
1742847
1076991
1905919
2456063
1819647
447231
1444351
995327
2578687
1442047
994303
340991
665343
664575
1347071
1923071
1138175
980479
1023999
875775
1970175
1644543
2433791
1980671
536831
2431999
2358527
1548799
345599
412927
1869823
340223
418815
624639
1081343
2388479
958975
747263
2200831
605951
1946879
397567
535551
2490879
1616127
1515007
2509055
397311
1888511
84735
2203135
1825791
2029311
1390079
1722111
707071
321279
1964799
1929727
952063
876543
281855
2301183
2267391
1492479
39679
1261055
270591
1918975
550911
670207
1118719
2313727
2130431
